points
17
37.25409882591009 18.60541100126133 1441.146709726125
21.029130019610363 -5.2246245957017265 1445.9590602113367
28.740793367656977 -21.688139651457874 1470.8370972568578
48.46280535986793 -14.289233524501896 1490.2230964646108
64.9740785374274 10.07426168154123 1484.1210648091171
58.38934798357403 25.657981648929862 1459.4808163509233
54.121532505554114 3.5457296310187445 1424.8603115953968
41.387321476583935 -18.75722391936648 1433.1555820445421
48.36180264323562 -32.38724705779538 1454.7792001107114
67.22415511850849 -28.455156090594244 1472.7605310090175
84.79617638707799 -5.1413260453226854 1468.4658365918913
78.11261621992816 12.173456004568166 1444.3013638308043
74.10496400477902 -15.428015383287985 1418.40916447944
65.00046131116989 -39.31928558955124 1430.2924547009395
83.7774021377029 -39.224844018116784 1452.0657135032748
94.49365176803266 -14.425213592585706 1440.774420037857
89.6122518920223 -38.45080152963453 1426.4150010519672
